4	0	0
12	0	5
18	0	0
21	0	2
31	0	0
12	1	1
18	1	1
21	1	2
4	2	1
18	2	0
15	3	0
18	3	1
31	3	1
4	4	0
18	4	0
4	5	0
18	5	0
4	6	0
14	6	6
18	6	0
4	7	0
12	7	0
18	7	0
4	8	0
15	8	0
18	8	0
21	8	2
18	9	0
31	9	2
18	10	0
31	10	2
32	10	0
12	11	0
15	11	0
18	11	0
31	11	2
18	12	0
27	12	5
32	12	2
12	13	5
18	13	0
12	14	0
18	14	0
31	14	2
18	15	0
31	15	0
4	16	7
15	16	0
18	16	7
37	16	0
12	17	0
18	17	0
31	17	2
4	18	0
12	18	0
15	18	0
18	18	0
12	19	0
18	19	0
4	20	7
18	20	0
18	21	1
31	21	2
15	22	0
18	22	0
31	22	0
14	23	2
18	23	0
31	23	0
18	24	0
4	25	0
12	25	2
18	25	0
31	25	5
18	26	0
21	26	0
31	26	2
4	27	0
18	27	0
21	27	0
4	28	0
15	28	0
18	28	0
31	28	2
12	29	1
15	29	0
18	29	0
21	29	2
12	30	2
18	30	2
21	30	2
15	31	0
18	31	2
21	31	2
31	31	2
18	32	7
31	32	2
12	33	7
15	33	0
18	33	7
31	33	7
12	34	0
18	34	0
12	35	0
18	35	0
4	36	0
18	36	0
31	36	0
18	37	0
21	37	0
4	38	0
18	38	0
31	38	0
4	39	0
18	39	2
12	40	7
15	40	5
18	40	3
32	40	6
4	41	4
12	41	6
18	41	7
31	41	0
12	42	1
18	42	0
4	43	4
12	43	1
18	43	0
18	44	1
21	44	1
18	45	0
31	45	5
37	45	1
18	46	0
31	46	2
12	47	0
18	47	0
27	47	1
31	47	2
37	47	1
12	48	1
18	48	2
31	48	0
4	49	1
18	49	1
31	49	2
12	50	0
18	50	0
31	50	0
4	51	0
12	51	0
18	51	0
31	51	0
4	52	0
18	52	0
21	52	0
4	53	0
18	53	0
21	53	0
15	54	2
18	54	0
21	54	4
31	54	0
18	55	0
21	55	0
31	55	2
4	56	0
18	56	0
21	56	0
12	57	0
15	57	2
18	57	1
31	57	2
4	58	0
15	58	0
18	58	0
31	58	0
12	59	0
15	59	0
18	59	0
31	59	0
12	60	0
18	60	0
31	60	0
18	61	0
31	61	2
4	62	0
18	62	0
31	62	2
4	63	1
18	63	0
31	63	0
18	64	0
31	64	0
37	64	0
4	65	0
12	65	0
18	65	0
31	65	2
4	66	0
18	66	0
21	66	0
18	67	0
31	67	2
15	68	1
18	68	0
37	68	0
14	69	2
18	69	0
18	70	0
31	70	0
4	71	0
12	71	0
18	71	0
31	71	2
18	72	0
21	72	1
31	72	0
4	73	1
18	73	1
12	74	1
18	74	0
37	74	5
18	75	4
31	75	5
18	76	0
31	76	0
18	77	0
31	77	2
12	78	0
18	78	0
18	79	0
31	79	2
18	80	5
21	80	3
18	81	0
31	81	2
18	82	0
31	82	5
18	83	0
21	83	0
12	84	0
18	84	0
21	84	2
31	84	4
12	85	0
18	85	0
12	86	4
18	86	4
31	86	2
18	87	4
31	87	2
12	88	1
18	88	1
31	88	2
18	89	1
21	89	4
4	90	0
18	90	4
21	90	0
18	91	0
21	91	0
31	91	2
4	92	4
12	92	1
18	92	2
12	93	1
15	93	6
18	93	0
18	94	0
21	94	1
31	94	0
12	95	2
18	95	0
31	95	2
4	96	4
18	96	0
31	96	2
18	97	0
21	97	0
31	97	0
14	98	6
18	98	0
31	98	0
12	99	0
15	99	2
18	99	0
18	100	0
31	100	0
15	101	1
18	101	0
31	101	0
4	102	1
12	102	4
18	102	4
18	103	4
21	103	0
31	103	2
14	104	2
18	104	0
12	105	0
18	105	1
31	105	0
18	106	1
21	106	0
37	106	2
12	107	0
14	107	5
18	107	2
21	107	5
18	108	4
31	108	1
12	109	2
14	109	5
18	109	0
18	110	4
31	110	0
18	111	4
31	111	1
4	112	4
18	112	4
18	113	2
21	113	5
12	114	1
14	114	0
18	114	0
31	114	5
18	115	1
21	115	1
12	116	2
14	116	2
18	116	0
4	117	1
18	117	0
31	117	0
15	118	2
18	118	0
27	118	1
31	118	2
4	119	1
18	119	0
21	119	1
4	120	1
18	120	1
31	120	0
1	121	1
4	121	1
10	121	2
32	121	1
12	122	5
15	122	0
16	122	0
18	122	2
1	123	1
4	123	1
12	123	1
18	123	1
32	123	1
18	124	0
27	124	0
32	124	0
4	125	1
18	125	2
27	125	5
30	125	1
15	126	0
18	126	0
1	127	1
18	127	1
32	127	1
1	128	0
4	128	0
27	128	0
32	128	0
2	129	0
4	129	1
12	129	0
15	129	0
18	130	0
30	130	0
31	130	2
4	131	1
18	131	1
29	131	1
30	131	1
32	131	0
4	132	0
18	132	0
23	132	0
32	132	0
15	133	0
18	133	0
30	133	0
31	133	0
4	134	0
12	134	0
18	134	0
32	134	0
4	135	0
12	135	0
18	135	0
32	135	0
1	136	1
12	136	0
18	136	1
30	136	1
1	137	0
2	137	0
4	137	0
18	137	0
23	137	2
2	138	0
18	138	0
31	138	5
4	139	0
12	139	1
18	139	0
4	140	0
12	140	0
18	140	0
32	140	0
4	141	0
15	141	0
18	141	0
27	141	0
1	142	1
18	142	1
32	142	0
1	143	0
12	143	0
15	143	2
18	143	0
31	143	0
2	144	0
4	144	1
18	144	0
30	144	1
4	145	1
12	145	1
16	145	0
18	145	0
4	146	1
18	146	1
30	146	0
32	146	1
4	147	1
10	147	2
15	147	1
18	147	1
32	147	2
4	148	1
18	148	0
32	148	2
12	149	0
18	149	1
4	150	4
27	150	4
32	150	4
12	151	4
18	151	4
31	151	0
32	151	4
4	152	4
16	152	0
18	152	4
31	152	2
15	153	0
18	153	0
31	153	2
32	153	4
4	154	0
5	154	0
27	154	0
32	154	0
18	155	1
30	155	1
32	155	0
4	156	1
29	156	1
30	156	0
4	157	1
12	157	1
16	157	1
18	157	1
35	157	1
2	158	0
15	158	1
18	158	1
32	158	0
1	159	0
16	159	0
18	159	0
30	159	2
36	159	2
4	160	0
18	160	0
29	160	0
31	160	0
2	161	0
18	161	0
31	161	2
4	162	4
15	162	0
18	162	4
1	163	0
12	163	0
16	163	0
18	163	0
30	163	0
4	164	4
12	164	4
15	164	0
18	164	0
4	165	1
12	165	4
18	165	4
29	165	4
1	166	0
2	166	0
10	166	5
16	166	1
23	166	0
1	167	0
2	167	1
12	167	0
18	167	0
29	167	0
1	168	4
4	168	4
27	168	0
29	168	4
30	168	4
12	169	5
18	169	1
12	170	2
18	170	0
32	170	2
1	171	6
18	171	0
30	171	0
34	171	2
4	172	6
10	172	6
16	172	0
18	172	0
32	172	6
15	173	0
18	173	0
30	173	0
4	174	4
10	174	6
16	174	0
18	174	4
30	174	0
12	175	4
18	175	4
32	175	2
2	176	0
15	176	0
18	176	0
31	176	2
4	177	2
10	177	6
12	177	2
15	177	0
18	177	0
12	178	6
18	178	0
30	178	2
4	179	6
16	179	0
18	179	0
21	179	0
1	180	0
12	180	2
18	180	0
31	180	0
32	180	2
2	181	0
4	181	0
18	181	0
4	182	0
18	182	0
30	182	0
32	182	2
18	183	0
30	183	0
31	183	2
32	183	2
15	184	4
16	184	0
18	184	4
29	184	4
30	184	0
4	185	4
18	185	0
30	185	2
12	186	2
15	186	0
18	186	2
27	186	5
18	187	0
23	187	2
30	187	0
4	188	1
18	188	0
32	188	1
0	189	5
18	189	1
27	189	0
30	189	0
12	190	5
18	190	0
21	190	5
1	191	5
4	191	5
15	191	0
18	191	0
32	191	5
12	192	4
15	192	0
18	192	4
31	192	2
18	193	5
27	193	4
29	193	4
12	194	0
18	194	1
30	194	1
32	194	0
16	195	0
18	195	0
30	195	0
31	195	0
32	195	0
4	196	1
5	196	1
18	196	0
32	196	2
2	197	5
18	197	0
30	197	0
32	197	6
4	198	1
12	198	0
18	198	0
31	198	2
32	198	2
12	199	0
18	199	0
31	199	2
32	199	0
4	200	0
12	200	1
18	200	0
31	200	1
4	201	1
12	201	5
18	201	1
30	201	1
32	201	1
18	202	0
31	202	5
35	202	1
4	203	0
12	203	1
18	203	0
27	203	1
32	203	1
4	204	1
12	204	1
18	204	0
31	204	1
4	205	1
15	205	1
18	205	1
31	205	3
10	206	2
12	206	0
18	206	0
15	207	0
18	207	0
32	207	2
35	207	0
1	208	6
4	208	7
18	208	5
29	208	6
32	208	2
12	209	6
16	209	1
18	209	2
31	209	2
36	209	6
16	210	0
18	210	0
31	210	2
4	211	1
18	211	0
29	211	1
30	211	1
4	212	1
18	212	1
30	212	0
2	213	0
18	213	0
29	213	1
12	214	5
16	214	0
18	214	0
29	214	5
12	215	5
18	215	0
27	215	5
32	215	7
1	216	5
4	216	5
18	216	0
30	216	0
1	217	5
4	217	5
18	217	0
32	217	5
16	218	0
18	218	0
31	218	0
32	218	0
1	219	0
4	219	0
18	219	0
31	219	5
1	220	4
16	220	0
18	220	0
30	220	0
18	221	4
32	221	2
2	222	0
4	222	6
18	222	0
29	222	4
4	223	4
15	223	0
18	223	0
30	223	0
1	224	4
4	224	4
18	224	4
31	224	2
32	224	2
4	225	4
18	225	1
27	225	1
30	225	1
32	225	1
2	226	5
4	226	5
12	226	5
15	226	3
32	226	7
4	227	1
12	227	5
18	227	0
27	227	5
1	228	0
4	228	0
18	228	0
1	229	1
4	229	1
32	229	0
18	230	0
21	230	1
32	230	1
18	231	0
19	231	0
23	231	1
29	231	1
35	231	1
1	232	5
4	232	5
18	232	1
32	232	1
14	233	1
15	233	0
18	233	0
1	234	1
4	234	1
18	234	1
32	234	1
4	235	1
5	235	1
10	235	2
18	235	1
32	235	2
18	236	1
30	236	0
2	237	1
15	237	0
18	237	0
32	237	2
12	238	2
18	238	1
31	238	0
32	238	2
5	239	1
12	239	2
18	239	1
27	239	5
4	240	1
12	240	1
18	240	0
31	240	0
4	241	1
8	241	1
18	241	1
29	241	1
4	242	1
30	242	1
32	242	1
1	243	1
12	243	1
18	243	0
15	244	1
18	244	1
32	244	2
36	244	1
18	245	0
21	245	0
2	246	0
12	246	1
18	246	1
30	246	1
32	246	2
4	247	1
15	247	1
18	247	0
2	248	5
16	248	0
18	248	0
32	248	0
4	249	1
12	249	0
16	249	1
18	249	1
16	250	0
18	250	0
31	250	5
32	250	1
16	251	1
18	251	1
32	251	1
4	252	1
18	252	1
30	252	1
4	253	1
18	253	1
29	253	0
37	253	1
4	254	1
18	254	1
23	254	1
32	254	2
4	255	1
12	255	0
18	255	0
27	255	0
29	255	1
4	256	0
12	256	0
18	256	0
15	257	0
18	257	0
27	257	0
29	257	0
12	258	1
15	258	1
18	258	0
31	258	0
2	259	0
5	259	0
15	259	0
18	259	0
30	259	0
12	260	0
18	260	0
29	260	0
4	261	0
12	261	0
18	261	0
7	262	1
18	262	1
27	262	1
30	262	5
18	263	2
27	263	0
30	263	4
2	264	1
4	264	1
18	264	1
31	264	0
5	265	0
12	265	0
15	265	0
18	265	0
12	266	0
18	266	0
31	266	0
32	266	0
12	267	0
18	267	0
27	267	0
31	267	0
15	268	1
18	268	0
32	268	0
36	268	1
4	269	0
12	269	0
16	269	0
18	269	0
12	270	0
15	270	4
18	270	4
31	270	0
1	271	1
4	271	1
18	271	0
23	271	2
32	271	0
4	272	1
12	272	1
18	272	1
27	272	1
1	273	1
5	273	1
18	273	1
31	273	2
32	273	1
12	274	0
18	274	0
4	275	2
16	275	0
18	275	0
32	275	2
4	276	0
15	276	0
16	276	0
32	276	2
12	277	0
18	277	1
30	277	1
32	277	0
4	278	1
12	278	0
18	278	1
30	278	1
4	279	1
12	279	0
18	279	1
31	279	2
1	280	0
4	280	0
18	280	0
30	280	0
32	280	0
12	281	0
15	281	0
16	281	1
18	281	1
30	281	1
18	282	0
21	282	7
31	282	0
4	283	0
18	283	0
27	283	0
30	283	0
18	284	0
32	284	1
18	285	0
29	285	1
30	285	0
1	286	0
4	286	0
5	286	0
18	286	0
27	286	0
4	287	0
15	287	0
18	287	0
31	287	0
4	288	4
18	288	1
27	288	1
32	288	1
16	289	1
18	289	1
12	290	2
18	290	0
29	290	0
32	290	2
4	291	0
15	291	0
18	291	2
1	292	5
4	292	5
12	292	2
18	292	5
4	293	0
15	293	2
32	293	2
18	294	1
31	294	2
12	295	1
18	295	1
27	295	4
4	296	4
12	296	2
18	296	4
4	297	0
12	297	5
18	297	0
31	297	0
12	298	1
18	298	0
31	298	0
2	299	0
18	299	1
31	299	0
4	300	5
12	300	0
15	300	5
18	300	0
32	300	0
18	301	0
29	301	4
32	301	0
15	302	1
18	302	0
30	302	1
32	302	0
12	303	0
15	303	1
18	303	1
4	304	0
12	304	0
18	304	0
1	305	4
12	305	0
18	305	0
12	306	0
15	306	4
18	306	0
12	307	0
18	307	0
30	307	1
32	307	0
4	308	1
18	308	2
31	308	2
32	308	0
4	309	0
12	309	0
14	309	2
18	309	0
12	310	1
18	310	1
27	310	1
30	310	2
4	311	1
18	311	1
27	311	1
32	311	1
15	312	0
18	312	0
31	312	0
32	312	0
18	313	0
32	313	0
8	314	1
15	314	1
18	314	0
4	315	1
8	315	1
18	315	1
12	316	1
15	316	1
18	316	0
4	317	1
12	317	1
15	317	0
18	317	1
4	318	5
12	318	5
18	318	5
32	318	2
12	319	0
18	319	0
31	319	5
32	319	0
4	320	0
15	320	0
18	320	0
31	320	0
4	321	1
18	321	1
4	322	0
18	322	0
31	322	2
32	322	0
12	323	0
18	323	0
32	323	0
4	324	4
12	324	4
15	324	0
18	324	4
32	324	4
4	325	4
18	325	4
21	325	4
32	325	4
4	326	0
12	326	0
18	326	0
2	327	0
4	327	0
18	327	0
12	328	0
18	328	0
32	328	0
4	329	0
18	329	0
8	330	2
15	330	0
18	330	1
31	330	2
15	331	1
18	331	1
31	331	2
32	331	1
12	332	1
14	332	2
18	332	1
31	332	0
18	333	5
18	334	1
31	334	1
12	335	1
18	335	4
32	335	1
12	336	4
18	336	4
31	336	4
14	337	2
18	337	4
4	338	1
12	338	1
18	338	0
31	338	1
14	339	2
18	339	0
31	339	1
18	340	0
21	340	1
2	341	0
4	341	1
15	341	1
18	341	7
4	342	0
18	342	0
21	342	0
4	343	0
18	343	0
31	343	0
12	344	0
15	344	0
18	344	0
27	344	0
32	344	0
12	345	0
15	345	0
18	345	0
32	345	0
4	346	0
12	346	0
18	346	0
31	346	0
4	347	0
12	347	0
18	347	1
4	348	1
18	348	0
31	348	0
14	349	5
18	349	2
4	350	0
12	350	0
18	350	2
21	350	2
12	351	0
18	351	0
18	352	0
31	352	2
32	352	0
18	353	0
31	353	2
18	354	0
31	354	2
18	355	0
31	355	0
12	356	1
18	356	0
12	357	1
18	357	0
21	357	2
18	358	0
18	359	1
21	359	1
12	360	0
18	360	0
12	361	0
18	361	0
31	361	0
18	362	0
21	362	0
4	363	0
12	363	0
18	363	0
4	364	0
15	364	0
18	364	0
32	364	0
2	365	2
15	365	0
18	365	1
27	365	5
18	366	0
21	366	2
36	366	0
12	367	0
18	367	0
30	367	1
32	367	0
12	368	0
18	368	0
31	368	2
32	368	0
18	369	2
21	369	6
31	369	0
32	369	0
4	370	2
15	370	0
18	370	0
31	370	2
4	371	2
16	371	0
18	371	0
32	371	2
4	372	0
12	372	0
18	372	0
2	373	0
18	373	0
37	373	0
2	374	0
18	374	0
32	374	2
12	375	0
18	375	0
31	375	0
4	376	1
5	376	1
10	376	6
32	376	0
1	377	0
16	377	0
18	377	0
30	377	0
32	377	0
12	378	0
18	378	1
30	378	1
31	378	5
18	379	0
30	379	0
8	380	0
12	380	0
15	380	0
18	380	0
32	380	0
1	381	0
4	381	0
18	381	0
1	382	0
2	382	0
18	382	0
32	382	0
1	383	0
2	383	0
4	383	0
10	383	6
18	383	0
12	384	0
18	384	0
30	384	0
32	384	0
4	385	0
18	385	0
27	385	0
30	385	0
1	386	4
18	386	4
32	386	4
35	386	4
18	387	0
31	387	0
18	388	1
32	388	0
2	389	1
15	389	0
18	389	0
23	389	2
4	390	0
16	390	0
18	390	0
23	390	0
4	391	0
12	391	0
18	391	2
30	391	0
15	392	1
18	392	0
31	392	1
32	392	1
5	393	1
12	393	2
16	393	0
32	393	1
12	394	6
18	394	0
4	395	7
10	395	5
12	395	6
18	395	5
4	396	1
15	396	1
18	396	1
29	396	1
8	397	2
12	397	1
16	397	0
18	397	0
4	398	1
18	398	0
27	398	1
32	398	1
1	399	1
4	399	1
18	399	0
29	399	1
32	399	1
2	400	0
12	400	0
18	400	5
27	400	5
12	401	2
16	401	1
18	401	1
10	402	2
12	402	1
29	402	1
4	403	1
8	403	1
18	403	1
27	403	1
32	403	2
2	404	0
18	404	0
31	404	0
18	405	2
31	405	2
32	405	0
4	406	1
12	406	0
18	406	0
30	406	1
4	407	0
18	407	0
29	407	0
1	408	0
4	408	0
18	408	0
29	408	0
32	408	0
4	409	1
12	409	0
18	409	1
32	409	0
4	410	1
12	410	1
18	410	0
27	410	1
35	410	1
1	411	1
12	411	1
18	411	1
18	412	0
21	412	2
31	412	2
32	412	1
12	413	2
18	413	0
37	413	0
4	414	0
18	414	0
30	414	0
4	415	0
18	415	0
31	415	0
1	416	0
18	416	0
30	416	0
34	416	6
1	417	0
4	417	7
12	417	1
18	417	7
32	417	2
16	418	0
18	418	1
32	418	1
35	418	1
4	419	1
18	419	1
23	419	5
1	420	0
4	420	0
10	420	6
18	420	0
29	420	0
2	421	0
32	421	0
4	422	1
18	422	1
32	422	1
4	423	0
12	423	1
18	423	1
31	423	2
4	424	1
12	424	0
18	424	1
32	424	0
4	425	0
12	425	0
16	425	0
18	425	0
32	425	0
2	426	0
18	426	0
27	426	0
12	427	5
18	427	0
4	428	0
15	428	2
18	428	0
27	428	0
31	428	0
2	429	0
8	429	0
18	429	0
18	430	0
27	430	5
31	430	2
32	430	0
12	431	0
18	431	0
27	431	1
32	431	0
16	432	0
18	432	0
30	432	0
18	433	0
31	433	0
1	434	3
4	434	3
18	434	3
4	435	0
12	435	0
18	435	0
32	435	2
2	436	2
12	436	0
18	436	1
18	437	4
27	437	4
29	437	4
32	437	2
4	438	0
18	438	0
29	438	0
30	438	0
12	439	0
15	439	2
18	439	2
31	439	2
1	440	0
4	440	0
5	440	0
18	440	0
36	440	0
1	441	0
4	441	0
18	441	0
30	441	0
32	441	0
1	442	4
18	442	4
30	442	1
12	443	0
18	443	0
31	443	2
32	443	0
36	443	0
12	444	0
16	444	0
18	444	0
31	444	0
4	445	0
18	445	0
21	445	0
31	445	0
4	446	0
12	446	0
18	446	0
32	446	0
8	447	0
18	447	0
27	447	0
30	447	0
4	448	0
18	448	0
32	448	2
35	448	0
12	449	0
18	449	4
21	449	2
12	450	1
18	450	1
32	450	1
5	451	1
15	451	1
18	451	1
29	451	1
32	451	1
4	452	5
12	452	5
18	452	0
32	452	5
12	453	5
18	453	0
30	453	0
32	453	5
4	454	4
12	454	5
18	454	0
32	454	4
2	455	0
4	455	0
15	455	0
18	455	0
4	456	0
14	456	1
18	456	0
4	457	5
12	457	0
14	457	7
18	457	0
37	457	2
15	458	0
18	458	1
32	458	1
36	458	0
18	459	1
32	459	1
12	460	1
18	460	0
27	460	0
1	461	5
4	461	5
12	461	2
18	461	2
15	462	0
18	462	0
27	462	0
29	462	0
30	462	0
12	463	0
15	463	0
18	463	0
31	463	2
12	464	2
18	464	0
30	464	0
2	465	2
14	465	1
18	465	0
4	466	0
18	466	0
29	466	0
12	467	0
15	467	0
18	467	0
32	467	0
4	468	1
8	468	0
18	468	1
4	469	1
10	469	6
16	469	0
18	469	1
32	469	1
0	470	4
4	470	1
18	470	1
32	470	1
4	471	1
16	471	0
18	471	0
29	471	1
32	471	1
4	472	0
5	472	0
18	472	0
4	473	0
15	473	0
18	473	0
30	473	0
31	473	0
4	474	4
18	474	0
18	475	0
30	475	0
32	475	0
18	476	0
31	476	2
32	476	5
37	476	2
15	477	3
18	477	0
32	477	2
15	478	2
18	478	0
31	478	0
32	478	1
15	479	1
18	479	1
30	479	1
4	480	0
15	480	0
18	480	0
32	480	0
12	481	0
15	481	2
18	481	0
4	482	1
18	482	1
31	482	4
15	483	2
18	483	0
30	483	6
12	484	5
18	484	0
31	484	5
37	484	5
4	485	1
16	485	1
1	486	0
18	486	0
32	486	0
2	487	0
10	487	2
12	487	0
18	487	0
12	488	1
18	488	0
31	488	0
32	488	2
2	489	0
4	489	1
18	489	0
31	489	2
4	490	0
16	490	0
18	490	0
30	490	0
4	491	0
18	491	0
32	491	2
10	492	6
12	492	1
18	492	0
1	493	1
18	493	0
12	494	5
16	494	2
18	494	2
31	494	5
32	494	2
2	495	5
16	495	0
18	495	0
30	495	0
32	495	0
8	496	0
15	496	2
18	496	0
32	496	0
2	497	0
18	497	0
29	497	0
35	497	0
4	498	1
15	498	0
18	498	1
32	498	1
4	499	1
18	499	1
27	499	1
32	499	1
1	500	0
15	500	0
18	500	0
27	500	0
14	501	2
18	501	1
32	501	2
4	502	5
18	502	0
31	502	0
4	503	1
5	503	1
18	503	0
1	504	1
15	504	0
18	504	1
12	505	1
18	505	1
30	505	2
2	506	0
12	506	1
18	506	0
32	506	2
18	507	0
31	507	0
32	507	5
37	507	0
16	508	0
18	508	0
27	508	0
30	508	0
4	509	1
16	509	1
18	509	0
4	510	0
12	510	0
18	510	0
30	510	0
4	511	5
18	511	5
30	511	5
4	512	1
12	512	0
27	512	1
30	512	1
15	513	2
18	513	0
29	513	0
12	514	0
18	514	1
29	514	1
30	514	1
15	515	1
18	515	1
32	515	0
4	516	0
15	516	0
16	516	0
18	516	0
31	516	2
4	517	0
18	517	0
27	517	0
30	517	0
32	517	0
4	518	0
12	518	0
18	518	0
32	518	0
35	518	0
1	519	0
4	519	0
18	519	0
27	519	0
4	520	0
18	520	0
30	520	0
15	521	0
16	521	0
18	521	0
30	521	0
32	521	0
1	522	0
4	522	0
18	522	0
31	522	0
32	522	0
1	523	0
18	523	0
30	523	0
31	523	0
12	524	1
18	524	1
30	524	0
12	525	1
15	525	0
18	525	0
1	526	5
4	526	5
18	526	0
31	526	5
1	527	5
18	527	0
21	527	5
1	528	1
18	528	0
32	528	1
4	529	1
14	529	1
18	529	1
12	530	0
18	530	0
32	530	0
35	530	1
2	531	0
4	531	0
16	531	0
18	531	0
4	532	0
10	532	6
18	532	0
10	533	6
18	533	0
31	533	2
32	533	0
12	534	0
18	534	0
37	534	0
18	535	0
29	535	0
31	535	2
32	535	0
15	536	0
18	536	0
23	536	5
18	537	1
32	537	2
15	538	2
18	538	1
32	538	0
15	539	2
16	539	0
18	539	0
30	539	2
4	540	4
12	540	4
18	540	1
32	540	4
15	541	1
18	541	4
31	541	4
32	541	4
4	542	1
18	542	1
31	542	2
32	542	2
7	543	5
12	543	1
18	543	0
31	543	0
32	543	2
1	544	0
10	544	6
12	544	0
18	544	0
12	545	0
18	545	0
21	545	5
4	546	1
18	546	1
32	546	1
18	547	1
32	547	1
37	547	0
1	548	1
18	548	1
32	548	2
12	549	0
18	549	0
30	549	0
2	550	0
18	550	0
32	550	0
10	551	4
18	551	4
32	551	0
18	552	0
30	552	2
32	552	0
18	553	0
21	553	1
31	553	0
16	554	3
18	554	5
14	555	5
15	555	1
18	555	1
30	555	1
12	556	1
18	556	1
31	556	2
32	556	1
4	557	1
18	557	1
31	557	0
2	558	0
18	558	0
32	558	2
4	559	1
12	559	1
18	559	1
31	559	1
4	560	0
8	560	0
18	560	0
31	560	0
12	561	0
18	561	0
32	561	0
36	561	0
18	562	0
23	562	2
27	562	0
30	562	0
32	562	1
12	563	1
18	563	1
32	563	1
1	564	7
12	564	7
18	564	5
32	564	7
4	565	7
12	565	7
18	565	0
32	565	7
1	566	0
12	566	0
18	566	1
27	566	0
0	567	2
18	567	0
31	567	0
4	568	0
12	568	0
18	568	0
30	568	0
31	568	0
4	569	0
15	569	0
18	569	0
27	569	0
32	569	0
8	570	0
18	570	0
31	570	2
8	571	5
15	571	2
18	571	0
32	571	0
12	572	0
18	572	0
27	572	0
31	572	0
4	573	0
15	573	0
18	573	0
32	573	0
8	574	0
18	574	0
31	574	1
32	574	0
4	575	0
12	575	0
18	575	0
37	575	0
2	576	2
4	576	1
12	576	4
18	576	1
4	577	1
12	577	4
18	577	1
31	577	0
4	578	1
18	578	1
31	578	4
4	579	5
12	579	1
18	579	5
0	580	2
18	580	1
31	580	2
12	581	0
15	581	0
18	581	0
4	582	1
12	582	0
18	582	1
32	582	0
4	583	1
18	583	1
21	583	1
4	584	5
12	584	7
18	584	0
4	585	5
12	585	7
18	585	0
32	585	7
4	586	1
12	586	2
18	586	0
31	586	2
2	587	4
4	587	4
12	587	2
18	587	0
30	587	4
4	588	2
15	588	0
18	588	2
4	589	2
15	589	0
18	589	0
12	590	1
15	590	2
18	590	4
32	590	2
4	591	1
14	591	6
18	591	0
12	592	6
14	592	2
18	592	0
4	593	4
14	593	2
18	593	0
12	594	1
18	594	0
31	594	0
4	595	0
12	595	0
18	595	0
4	596	4
18	596	0
18	597	0
30	597	0
31	597	2
15	598	0
18	598	0
21	598	2
31	598	2
18	599	7
21	599	1
27	599	7
31	599	2
12	600	5
18	600	0
31	600	1
12	601	5
18	601	5
32	601	5
12	602	1
18	602	0
31	602	0
32	602	1
4	603	1
18	603	0
21	603	1
8	604	3
12	604	1
18	604	1
12	605	1
18	605	0
31	605	2
12	606	1
18	606	1
6	607	5
28	607	1
9	608	1
12	608	0
28	608	1
0	609	5
22	609	2
9	610	0
28	610	0
36	611	6
0	612	2
6	612	0
22	612	2
9	613	1
28	613	1
7	614	1
28	614	1
3	615	5
28	615	0
0	616	5
11	616	2
12	616	2
34	616	0
7	618	0
22	618	1
28	618	2
9	619	0
12	620	2
28	620	0
7	621	0
12	621	0
28	621	0
22	622	2
28	622	0
3	623	1
6	623	1
17	624	5
24	624	2
28	624	0
7	625	0
9	625	0
24	625	2
0	626	4
7	626	4
9	627	0
12	628	1
28	628	1
7	629	0
24	629	0
28	629	0
24	630	1
28	630	1
9	631	1
12	631	2
19	631	2
25	631	6
0	632	5
6	632	4
24	632	1
7	633	0
17	634	5
24	634	2
28	634	0
6	635	0
20	635	0
24	635	2
9	636	2
27	636	2
28	636	1
0	637	2
19	637	0
24	637	0
0	638	3
7	638	0
0	639	1
13	639	5
0	640	5
3	640	5
13	640	5
22	640	1
0	641	0
9	641	0
12	641	0
28	641	0
3	642	5
6	642	2
28	642	0
0	643	7
6	643	6
34	643	6
17	644	1
28	644	1
6	645	2
20	645	1
22	645	5
0	646	0
24	646	2
28	647	0
0	648	1
3	648	1
7	648	5
7	649	0
12	649	0
34	649	3
17	650	0
22	650	2
36	650	0
0	651	1
9	651	4
24	651	4
26	651	4
9	652	0
28	652	0
1	653	0
34	653	4
9	654	1
12	654	1
24	654	1
12	655	0
13	655	3
22	656	2
24	656	1
36	656	1
17	657	2
19	657	2
22	657	1
6	658	5
17	658	0
28	658	0
33	658	0
0	659	0
12	659	2
1	660	0
25	660	0
28	660	0
6	661	5
7	661	0
28	661	0
19	662	0
26	662	5
28	662	2
34	663	0
0	664	5
22	664	6
28	664	1
28	665	1
9	666	1
12	666	1
27	666	0
9	667	1
34	667	0
1	668	1
7	668	1
9	668	1
12	668	1
0	669	2
12	669	2
24	669	0
12	670	1
19	671	2
6	672	5
17	672	2
24	672	2
24	673	1
9	674	0
12	674	0
22	674	3
33	674	0
9	675	1
13	675	2
19	675	1
17	676	0
28	676	0
34	676	3
3	677	5
13	677	6
22	677	2
7	678	0
9	678	0
12	678	0
7	679	2
22	679	1
28	679	7
0	680	2
28	680	0
33	680	0
0	681	4
9	681	4
0	682	2
6	682	6
34	682	0
11	683	2
12	683	0
0	684	2
1	684	0
9	684	0
9	685	1
12	686	1
24	686	1
26	686	2
0	687	0
12	687	1
7	688	1
28	688	1
3	689	4
17	689	4
24	689	4
36	689	4
12	690	2
24	690	7
19	691	6
7	692	1
9	692	1
7	693	0
27	693	0
36	693	2
9	694	7
26	694	7
28	694	7
1	695	7
13	695	0
24	695	4
0	696	5
7	696	1
19	696	1
33	696	1
12	697	7
17	697	7
6	698	6
11	698	2
12	699	1
28	699	1
3	700	5
20	700	1
28	700	1
0	701	0
24	701	1
3	702	5
24	702	6
0	703	7
6	703	4
7	703	4
28	703	4
0	704	5
13	704	0
22	704	1
26	704	1
34	704	3
12	705	1
19	705	2
12	706	1
20	706	1
28	706	1
34	706	1
17	707	1
22	707	1
7	708	2
17	708	1
24	708	1
28	708	2
28	709	1
25	710	1
13	711	1
19	711	2
7	712	5
28	712	1
7	713	1
13	713	2
7	714	5
19	714	0
28	714	0
22	715	1
33	715	2
12	716	1
13	716	1
28	716	1
9	717	1
24	717	2
28	717	1
7	718	0
7	719	0
12	719	0
17	720	1
28	720	1
9	721	7
28	721	7
28	722	6
20	723	0
22	723	1
33	723	0
0	724	1
9	724	1
26	724	7
24	725	4
0	726	1
12	726	2
24	726	1
7	727	1
27	727	1
3	728	1
22	728	1
7	729	1
28	729	1
0	730	2
12	730	2
13	730	4
22	730	0
9	731	1
17	731	1
0	732	0
24	732	0
0	733	4
9	733	0
24	733	0
9	734	6
24	734	6
7	735	4
28	735	4
7	736	5
11	736	6
6	737	1
24	737	4
7	738	4
13	738	4
22	739	5
26	739	6
28	739	0
3	740	1
7	740	2
28	740	1
24	741	1
1	742	0
11	742	2
3	743	5
28	743	2
33	743	2
0	744	1
33	744	0
34	744	1
28	745	0
33	745	2
34	745	5
12	746	2
17	746	5
19	746	0
1	747	0
33	747	0
7	748	0
24	748	0
19	749	0
0	750	0
7	750	0
28	750	2
34	750	3
3	751	5
12	751	0
28	751	0
17	752	5
19	752	2
22	752	2
0	753	0
12	753	0
22	753	1
0	754	1
28	754	0
19	755	0
24	755	0
11	756	2
24	756	0
0	757	2
1	757	0
0	758	5
9	758	1
3	759	1
12	759	1
24	759	1
0	760	5
22	760	2
0	761	5
7	761	1
24	761	1
0	762	2
12	762	2
22	762	5
9	763	1
24	763	1
28	763	1
11	764	1
20	764	0
28	764	0
33	764	0
0	765	5
22	765	0
24	765	0
7	766	0
28	766	0
9	767	0
12	767	0
17	767	0
7	768	1
9	768	2
12	768	2
12	769	2
20	769	1
28	769	1
9	770	0
12	770	2
24	770	0
0	771	2
12	771	0
22	771	2
7	772	2
20	772	2
0	773	0
33	773	5
1	774	5
22	774	1
25	774	5
0	775	1
6	775	5
22	775	1
22	776	1
24	776	0
28	776	0
33	776	0
34	776	0
0	777	2
9	777	0
1	778	0
0	779	0
9	779	1
17	779	1
0	780	2
20	780	0
24	780	0
12	781	0
26	781	6
28	781	0
34	781	3
0	782	4
34	782	7
0	783	1
17	783	1
28	783	1
9	784	5
19	784	2
24	784	1
12	785	7
3	786	4
9	786	4
17	786	4
24	786	4
13	787	7
24	787	0
24	788	0
28	788	0
7	789	2
12	789	2
28	789	6
0	790	0
7	790	0
12	791	0
13	791	6
34	791	3
11	792	2
25	792	1
17	793	0
19	793	0
22	793	7
13	794	1
0	796	2
24	796	0
28	796	0
34	797	1
24	798	1
28	798	1
36	798	1
0	799	5
28	799	1
0	800	2
7	800	0
12	800	0
33	800	0
0	801	5
20	802	4
12	803	7
22	803	2
28	803	0
3	804	7
28	804	7
7	805	5
13	805	6
28	805	2
11	806	6
20	806	2
28	807	5
34	807	5
1	808	7
7	809	0
28	809	0
9	810	0
28	810	0
0	811	0
28	811	0
0	812	5
22	812	6
33	812	0
0	813	7
6	813	1
9	813	4
28	813	4
7	814	2
28	814	5
12	815	1
28	815	1
7	816	5
19	816	0
24	816	1
28	816	1
12	817	2
24	817	1
28	817	1
7	818	1
17	818	1
6	819	5
9	819	0
12	819	0
0	820	1
9	820	0
0	821	5
3	822	5
6	822	2
17	822	5
0	823	1
12	823	1
17	823	1
6	824	2
9	824	0
24	824	0
17	825	0
28	825	0
7	826	4
9	826	1
0	827	0
12	827	0
24	827	0
28	827	2
0	828	0
11	828	2
28	828	0
13	829	6
20	829	0
33	829	0
9	830	1
28	830	1
0	831	0
7	831	0
28	831	0
24	832	1
7	833	5
12	833	5
7	834	0
24	834	0
0	835	7
20	835	5
22	835	7
1	836	1
17	836	1
28	836	1
20	837	0
24	837	0
34	837	7
13	838	1
22	838	2
28	838	2
24	839	0
7	840	1
7	841	1
24	841	1
28	841	6
1	842	0
9	842	0
17	842	6
20	842	0
0	843	0
9	843	4
17	843	4
34	843	6
0	844	2
12	844	2
28	844	2
9	845	1
36	845	1
0	846	1
7	846	2
24	846	6
28	846	6
0	847	2
7	847	2
24	847	2
0	848	6
7	848	1
9	848	1
17	848	1
0	849	6
17	849	1
22	850	1
24	850	2
7	851	0
12	851	0
22	851	2
12	852	1
24	852	1
27	852	5
0	853	1
7	853	0
12	855	0
24	855	0
34	855	0
0	856	2
12	856	7
20	856	5
33	856	5
0	857	2
12	857	0
13	857	2
28	857	0
7	858	0
28	858	0
7	859	3
19	859	2
28	859	5
1	860	1
12	860	2
28	860	0
7	861	1
12	861	1
13	861	6
28	861	1
0	862	0
1	862	0
12	862	0
0	863	2
7	863	5
34	863	2
17	864	0
25	864	0
0	865	2
6	865	2
34	865	6
0	866	1
7	866	5
0	867	2
9	867	0
28	867	0
7	868	5
28	868	0
33	868	2
3	869	1
9	869	5
13	869	6
22	869	5
7	870	0
12	870	0
28	870	0
22	871	0
28	871	0
0	872	0
13	872	6
20	872	0
13	873	0
24	873	0
33	873	0
0	874	0
17	875	5
27	875	0
28	875	2
0	876	6
1	876	0
0	877	6
28	877	0
17	878	5
24	878	0
28	878	0
1	879	0
12	879	4
34	879	6
19	880	0
22	880	3
0	881	3
7	881	5
28	881	0
9	882	0
12	883	1
17	883	1
20	883	1
33	883	1
7	884	0
12	884	0
17	884	5
0	885	2
9	885	3
19	885	3
13	886	5
24	886	0
33	887	1
7	888	0
12	888	0
28	888	0
0	889	0
3	889	5
12	889	0
28	889	0
0	890	2
3	890	5
34	890	5
12	891	0
24	891	2
28	891	0
0	892	4
13	892	3
22	892	2
28	892	1
9	893	0
25	893	0
28	893	0
36	893	2
12	894	5
17	894	0
25	894	0
1	895	0
20	895	0
24	895	0
0	896	7
28	896	1
0	897	0
9	897	0
1	898	0
17	898	0
27	898	0
7	899	4
24	899	0
28	899	0
12	900	1
24	900	1
0	901	3
24	901	1
34	901	5
0	902	1
24	902	1
0	903	1
13	903	5
3	904	5
7	904	0
12	904	0
20	905	1
0	906	4
17	906	4
22	906	4
7	907	5
24	907	2
28	907	0
0	908	5
24	908	0
28	908	2
0	910	5
33	910	5
20	911	1
24	911	2
28	911	1
7	912	1
17	913	0
28	913	0
7	914	0
22	914	0
28	914	0
0	915	0
17	915	5
28	915	0
7	916	0
9	916	0
24	916	0
27	916	0
12	917	0
3	918	5
6	918	5
9	919	5
12	919	1
17	919	5
19	919	2
0	920	2
6	920	2
0	921	2
33	921	5
0	922	2
13	922	0
7	923	0
33	923	0
3	924	5
22	924	0
0	925	1
6	925	1
20	925	1
22	925	1
24	925	1
7	926	1
12	926	1
17	926	1
7	927	0
17	927	5
25	927	0
0	928	4
9	928	4
28	928	4
17	929	4
17	930	6
7	931	1
20	931	1
12	932	0
22	932	0
33	932	0
28	933	1
33	933	5
0	934	0
25	934	0
12	935	0
26	935	1
7	936	4
28	936	4
7	937	2
12	937	3
17	937	3
7	938	0
28	938	0
7	939	0
12	939	0
0	940	0
6	940	2
11	940	2
12	941	0
17	941	0
0	942	1
13	942	1
0	943	0
9	943	0
12	944	1
17	944	1
19	944	2
36	945	0
7	947	1
22	947	0
0	948	2
7	948	5
26	948	2
28	948	1
7	949	0
28	949	0
0	950	0
3	950	5
1	951	0
34	951	6
1	952	0
20	952	0
9	953	1
33	953	1
28	954	1
17	955	0
28	955	0
7	956	2
12	956	0
9	957	0
24	957	0
28	957	2
0	958	2
20	958	0
28	958	0
12	959	0
22	959	2
7	960	1
12	960	1
28	961	1
0	962	6
3	962	5
19	962	0
24	963	0
25	963	2
36	963	0
0	964	2
7	964	2
17	964	2
34	964	6
0	965	1
9	965	2
12	965	0
28	965	0
7	966	0
9	966	0
24	967	0
27	967	0
9	969	1
17	969	1
11	970	1
24	970	1
17	971	5
26	971	6
28	971	0
0	972	0
6	972	5
12	972	0
20	973	0
22	973	2
7	974	1
20	974	1
33	974	1
9	975	1
19	975	2
0	976	1
7	976	1
19	976	2
28	976	1
1	977	0
3	977	5
3	978	5
12	978	0
28	978	0
7	979	0
33	979	0
9	980	0
12	980	0
28	980	0
0	981	5
7	982	0
28	982	0
9	983	0
24	983	2
28	983	0
7	984	1
24	984	1
34	984	0
1	985	0
28	985	0
26	986	1
28	986	2
33	986	0
0	987	5
9	987	5
12	987	1
0	988	4
3	988	4
19	989	0
27	989	0
12	990	0
22	990	7
0	991	5
12	991	0
25	991	0
17	992	5
24	992	0
28	992	0
3	993	5
13	993	2
17	993	5
22	993	2
9	994	0
12	994	0
28	994	0
0	995	2
7	995	0
22	995	2
7	996	0
22	996	6
7	997	1
17	997	1
24	997	1
28	998	0
36	998	2
9	999	0
17	999	5
28	999	0
13	1000	5
26	1000	5
28	1000	0
0	1001	0
17	1001	0
28	1001	0
36	1002	1
0	1003	1
9	1003	1
33	1003	1
3	1004	5
7	1004	0
28	1004	2
0	1005	7
17	1005	3
28	1005	1
12	1006	0
17	1006	0
24	1006	0
0	1007	4
24	1007	1
7	1008	0
12	1008	2
7	1009	0
9	1009	0
28	1009	0
0	1010	5
22	1010	1
9	1011	0
24	1011	0
28	1011	0
0	1012	5
6	1012	2
22	1012	2
12	1013	1
24	1013	1
13	1014	0
20	1014	1
26	1014	1
33	1014	2
17	1015	1
20	1015	1
22	1015	2
28	1015	1
7	1016	0
12	1016	0
28	1016	0
3	1017	1
1	1018	0
7	1018	0
9	1018	0
12	1018	0
0	1019	2
24	1019	0
0	1020	0
0	1021	1
28	1021	5
13	1022	5
24	1022	2
17	1023	0
9	1024	0
12	1024	2
12	1025	0
26	1025	5
28	1025	0
7	1026	0
24	1026	0
9	1027	1
24	1027	1
0	1028	2
7	1028	0
28	1028	0
17	1029	5
20	1029	0
0	1030	6
28	1030	2
33	1030	0
7	1031	0
9	1031	0
3	1032	6
20	1032	0
22	1032	2
33	1032	0
17	1033	1
24	1033	1
0	1034	0
34	1034	3
9	1035	2
28	1035	2
1	1036	0
7	1036	0
28	1036	0
3	1037	1
24	1037	1
6	1038	5
24	1038	0
33	1038	0
7	1039	0
24	1040	0
33	1040	0
28	1041	0
36	1041	0
20	1042	1
0	1043	2
17	1043	0
7	1044	0
11	1044	2
17	1044	0
20	1044	0
0	1045	7
12	1045	1
28	1045	1
9	1046	1
12	1046	1
17	1046	1
11	1047	2
17	1047	0
22	1047	2
17	1048	0
36	1048	0
17	1049	0
28	1049	0
7	1051	7
12	1051	7
9	1052	0
17	1052	0
3	1053	5
7	1053	0
22	1053	2
28	1053	0
6	1054	1
28	1054	2
6	1055	2
12	1055	0
24	1055	0
3	1056	5
20	1056	1
22	1056	1
27	1057	0
28	1057	0
24	1058	1
28	1058	1
1	1059	1
3	1059	1
0	1060	1
22	1060	2
24	1060	1
0	1061	5
9	1061	0
28	1061	0
3	1062	5
6	1062	2
9	1062	0
28	1062	0
0	1063	2
7	1064	0
24	1064	0
28	1064	0
0	1065	1
6	1065	6
12	1065	0
0	1066	0
3	1066	5
22	1066	0
7	1067	1
9	1067	1
17	1067	1
28	1067	1
7	1068	0
12	1068	0
13	1068	5
28	1068	0
0	1069	7
22	1069	2
28	1069	1
13	1070	5
33	1070	1
0	1071	2
9	1071	0
22	1071	6
3	1072	5
7	1072	2
19	1072	0
9	1073	0
20	1073	0
9	1074	1
13	1074	2
24	1075	0
28	1075	0
0	1076	5
12	1076	0
24	1076	1
34	1076	2
0	1077	0
3	1077	5
33	1077	0
12	1078	0
19	1078	0
0	1079	6
6	1079	6
7	1079	2
28	1079	2
0	1080	1
1	1080	1
1	1081	7
6	1081	5
0	1082	1
22	1082	0
28	1082	0
0	1083	3
24	1083	7
0	1084	1
33	1084	0
7	1085	5
12	1085	0
25	1085	0
0	1086	0
12	1086	0
20	1086	0
9	1087	0
12	1087	0
0	1088	2
22	1088	6
33	1088	2
7	1089	5
22	1089	5
28	1089	5
27	1090	0
28	1090	0
36	1090	0
1	1091	0
9	1091	0
20	1091	0
1	1092	0
3	1092	5
19	1092	0
17	1093	5
24	1093	1
0	1094	7
33	1094	0
34	1094	4
0	1095	5
25	1095	1
28	1095	1
7	1096	2
12	1096	2
27	1096	6
28	1096	6
15	1097	1
18	1097	0
23	1097	1
29	1097	1
9	1098	4
28	1098	4
36	1098	4
15	1099	4
18	1099	4
31	1099	5
4	1100	5
18	1100	1
32	1100	2
12	1101	4
18	1101	0
2	1102	1
4	1102	7
18	1102	0
27	1102	1
29	1102	1
12	1103	1
18	1103	1
30	1103	1
7	1104	7
12	1104	7
10	1105	6
18	1105	1
30	1105	1
18	1106	1
29	1106	1
31	1106	0
0	1107	6
7	1107	0
28	1107	0
10	1108	6
16	1108	0
18	1108	0
12	1109	1
18	1109	1
31	1109	0
12	1110	0
24	1110	0
15	1111	0
29	1111	0
1	1112	1
4	1112	1
18	1112	0
32	1112	1
17	1113	5
4	1114	0
27	1114	0
29	1114	0
35	1114	0
7	1115	0
28	1115	0
0	1116	1
7	1116	1
13	1116	2
17	1117	0
28	1117	0
36	1117	0
18	1118	0
30	1118	0
31	1118	2
4	1119	0
12	1119	0
15	1119	0
18	1119	0
1	1120	0
19	1120	0
24	1120	0
1	1121	0
18	1121	0
27	1121	0
31	1121	2
12	1122	1
15	1122	1
16	1122	2
18	1122	0
4	1123	0
5	1123	0
18	1123	0
4	1124	1
18	1124	1
21	1124	1
31	1124	1
7	1125	1
12	1125	1
18	1126	0
12	1127	2
15	1127	1
18	1127	1
27	1127	1
31	1127	0
4	1128	0
8	1128	0
12	1128	0
18	1128	0
35	1128	0
16	1130	0
18	1130	0
30	1130	0
31	1130	2
4	1131	5
18	1131	0
31	1131	0
34	1132	1
4	1133	1
12	1133	0
18	1133	1
32	1133	0
1	1134	5
18	1134	1
29	1134	5
31	1134	5
12	1135	2
19	1135	0
24	1135	2
28	1135	0
4	1136	0
18	1136	0
31	1136	5
13	1137	5
24	1137	1
1	1138	4
4	1138	4
32	1138	4
12	1139	1
18	1139	0
32	1139	1
7	1140	0
9	1140	0
12	1140	0
28	1140	0
4	1141	6
18	1141	4
31	1141	2
32	1141	0
4	1142	1
8	1142	0
18	1142	1
31	1142	0
4	1143	1
14	1143	0
18	1143	0
12	1144	5
14	1144	0
18	1144	0
23	1144	2
5	1145	0
18	1145	1
18	1146	0
27	1146	0
7	1147	4
28	1147	4
1	1148	0
4	1148	0
18	1148	0
27	1148	0
32	1148	0
4	1149	0
12	1149	0
18	1149	0
1	1150	2
17	1150	2
24	1150	5
4	1151	5
12	1151	0
14	1151	2
18	1151	5
0	1152	2
9	1152	0
12	1152	1
28	1152	2
4	1153	0
12	1153	5
18	1153	0
37	1153	2
4	1154	0
14	1154	1
18	1154	0
1	1155	2
13	1155	1
17	1155	2
24	1155	5
6	1156	1
7	1156	0
33	1156	2
1	1157	0
18	1157	0
24	1158	6
27	1158	5
28	1158	6
0	1159	0
12	1159	0
22	1159	2
18	1160	0
30	1160	3
32	1160	0
7	1161	0
28	1161	0
18	1162	1
21	1162	4
31	1162	5
4	1163	2
12	1163	1
18	1163	0
1	1164	5
11	1164	5
18	1165	0
31	1165	2
0	1166	3
11	1166	5
4	1167	5
16	1167	5
18	1167	5
19	1167	5
18	1168	2
31	1168	2
32	1168	2
12	1169	2
17	1169	6
28	1169	1
1	1170	6
12	1170	6
18	1170	0
4	1171	6
18	1171	1
31	1171	2
32	1171	6
12	1172	1
18	1172	0
21	1172	5
31	1172	0
12	1173	1
28	1173	0
0	1174	1
24	1174	0
28	1174	0
1	1175	0
24	1175	0
12	1176	5
15	1176	2
18	1176	2
31	1176	5
0	1177	5
12	1177	1
24	1177	1
25	1177	1
28	1177	1
12	1178	0
17	1178	0
18	1179	0
21	1179	0
9	1180	0
28	1180	0
22	1181	5
24	1181	5
4	1182	1
18	1182	1
9	1183	0
28	1183	0
4	1184	0
16	1184	0
18	1184	4
0	1185	6
24	1185	0
28	1185	0
4	1186	1
18	1186	1
29	1186	1
31	1186	1
12	1187	6
18	1187	2
5	1188	2
27	1188	0
29	1188	0
12	1189	1
18	1189	1
31	1189	2
0	1190	5
22	1190	1
12	1191	1
16	1191	0
18	1191	0
27	1191	1
12	1192	0
18	1192	0
36	1192	0
24	1193	2
25	1193	2
27	1193	5
4	1194	0
18	1194	0
31	1194	5
4	1195	0
18	1195	0
30	1195	0
32	1195	2
12	1196	5
18	1196	1
31	1196	1
0	1197	2
3	1197	5
6	1197	5
4	1198	1
15	1198	1
18	1198	1
36	1198	1
18	1199	0
21	1199	0
31	1199	5
37	1199	1
18	1200	0
27	1200	0
31	1200	0
2	1201	0
5	1201	0
18	1201	0
29	1201	0
2	1202	1
18	1202	1
32	1202	1
0	1203	2
4	1203	4
12	1203	6
18	1203	2
32	1203	2
0	1204	0
24	1204	0
24	1205	2
28	1205	2
1	1206	7
16	1206	0
18	1206	0
32	1206	0
4	1207	0
12	1207	0
18	1207	0
32	1207	0
12	1208	1
24	1208	1
2	1209	0
4	1209	7
23	1209	7
32	1209	7
12	1210	0
22	1210	2
24	1210	0
12	1211	6
18	1211	2
31	1211	1
16	1212	0
18	1212	0
30	1212	0
32	1212	0
7	1213	0
9	1213	0
24	1213	0
1	1214	1
4	1214	1
12	1214	1
18	1214	1
24	1215	0
34	1215	0
4	1216	1
18	1216	1
21	1216	1
32	1216	1
4	1217	1
18	1217	1
30	1217	1
32	1217	2
36	1217	1
0	1218	1
12	1218	0
20	1218	0
24	1218	0
28	1218	0
18	1219	1
31	1219	0
22	1220	2
24	1220	0
33	1220	0
16	1221	4
18	1221	6
27	1221	6
32	1221	6
4	1222	0
18	1222	0
31	1222	2
37	1222	0
0	1223	1
24	1223	1
2	1224	0
4	1224	0
18	1224	0
29	1224	0
1	1225	0
11	1225	2
13	1225	2
24	1225	2
12	1226	0
18	1226	1
27	1226	1
31	1226	0
7	1227	4
9	1227	5
28	1227	1
2	1228	0
4	1228	0
16	1228	0
18	1228	0
1	1229	0
3	1229	5
24	1229	2
17	1230	1
25	1230	1
28	1230	1
1	1231	1
4	1231	1
18	1231	0
32	1231	0
0	1232	5
22	1232	2
33	1232	0
4	1233	1
18	1233	1
31	1233	2
4	1234	0
18	1234	0
32	1234	0
3	1235	1
28	1235	1
12	1236	1
15	1236	1
18	1236	0
22	1237	4
12	1238	0
18	1238	2
2	1239	6
15	1239	1
18	1239	0
31	1239	2
6	1240	5
9	1240	0
13	1241	2
20	1241	2
22	1241	2
24	1241	2
4	1242	0
18	1242	0
32	1242	0
12	1243	0
18	1243	0
4	1244	0
15	1244	2
18	1244	0
27	1244	0
32	1244	0
15	1245	2
18	1245	0
31	1245	0
32	1245	4
4	1246	0
12	1246	0
15	1246	0
18	1246	0
27	1246	0
12	1247	1
24	1247	1
0	1248	4
12	1248	1
22	1248	1
18	1249	0
21	1249	0
9	1250	0
12	1250	0
33	1250	0
18	1251	0
23	1251	0
31	1251	0
15	1252	1
18	1252	0
30	1252	1
4	1253	2
16	1253	0
18	1253	0
27	1253	0
4	1254	1
18	1254	1
18	1255	0
31	1255	2
1	1256	4
12	1256	7
33	1256	5
34	1256	2
1	1257	1
18	1257	0
31	1257	0
1	1258	4
19	1258	4
2	1259	0
12	1259	6
18	1259	2
31	1259	2
4	1260	1
15	1260	1
18	1260	1
31	1260	2
4	1261	7
12	1261	1
18	1261	2
32	1261	1
12	1262	0
16	1262	0
30	1262	5
12	1263	7
18	1263	7
30	1263	0
32	1263	7
12	1264	0
18	1264	1
32	1264	0
18	1265	4
31	1265	0
1	1266	6
18	1266	1
32	1266	6
7	1267	3
12	1267	0
4	1268	0
12	1268	0
16	1268	0
18	1268	0
12	1269	2
18	1269	0
23	1269	1
1	1270	1
12	1270	2
18	1270	1
21	1270	1
31	1270	2
3	1271	5
14	1272	2
18	1272	0
21	1272	1
31	1272	0
4	1273	1
15	1273	1
16	1273	0
18	1273	0
32	1273	1
12	1274	6
27	1274	0
32	1274	6
34	1274	4
18	1275	0
21	1275	0
31	1275	2
18	1276	0
31	1276	2
18	1277	1
21	1277	1
7	1278	0
27	1278	4
36	1278	0
2	1279	0
4	1279	0
18	1279	0
30	1279	1
12	1280	0
28	1280	0
4	1281	1
18	1281	1
32	1281	1
4	1282	1
18	1282	0
21	1282	1
2	1283	0
12	1283	1
18	1283	0
29	1283	0
32	1283	2
13	1284	6
22	1284	2
24	1284	0
1	1285	5
18	1285	0
30	1285	5
31	1285	2
2	1286	0
4	1286	1
30	1286	1
7	1287	4
12	1287	4
4	1288	5
18	1288	5
30	1288	0
3	1289	5
7	1289	0
19	1289	2
4	1290	1
18	1290	2
0	1291	2
26	1291	5
18	1292	0
31	1292	0
32	1292	4
7	1293	0
12	1293	0
24	1293	0
10	1294	6
18	1294	0
12	1295	0
18	1295	0
3	1296	7
12	1296	7
33	1296	7
7	1297	0
9	1297	0
12	1298	1
13	1298	5
34	1298	6
4	1299	1
18	1299	0
31	1299	2
12	1300	5
18	1300	0
12	1301	0
18	1301	2
31	1301	2
1	1302	0
7	1302	0
28	1302	0
1	1303	1
12	1303	1
18	1303	1
14	1304	1
18	1304	0
1	1305	0
9	1305	0
12	1305	0
2	1306	0
10	1306	4
12	1306	6
18	1306	2
29	1306	6
4	1307	0
18	1307	0
32	1307	2
4	1308	5
8	1308	5
12	1308	0
18	1308	0
0	1309	0
11	1309	2
28	1309	0
4	1310	0
18	1310	0
9	1311	0
17	1311	0
28	1311	0
18	1312	0
21	1312	0
30	1312	1
7	1313	2
28	1313	2
36	1313	2
0	1314	1
17	1314	1
28	1314	1
2	1315	5
12	1315	5
18	1315	0
32	1315	2
9	1316	2
25	1316	2
4	1317	5
12	1317	0
18	1317	5
31	1317	0
17	1318	1
0	1319	0
22	1319	2
26	1319	2
18	1320	0
21	1320	2
31	1320	0
5	1321	0
12	1321	5
16	1321	1
18	1321	1
27	1321	1
0	1322	2
33	1322	0
4	1323	1
12	1323	2
18	1323	1
18	1324	0
31	1324	2
32	1324	2
24	1325	1
34	1325	3
18	1326	0
27	1326	0
29	1326	0
30	1326	0
2	1327	0
4	1327	0
18	1327	0
18	1328	0
31	1328	2
37	1328	0
15	1329	0
18	1329	0
31	1329	0
32	1329	2
12	1330	0
28	1330	0
0	1331	2
1	1332	0
29	1332	0
30	1332	0
36	1332	0
12	1333	4
18	1333	4
7	1334	2
12	1334	2
28	1334	2
12	1335	1
12	1336	4
15	1336	2
18	1336	4
31	1336	4
32	1336	7
3	1337	5
12	1337	0
24	1337	2
4	1338	0
18	1338	4
7	1339	2
9	1339	2
24	1339	2
4	1340	5
12	1340	7
18	1340	7
31	1340	5
12	1341	0
18	1341	0
31	1341	0
32	1341	0
4	1342	0
18	1342	0
27	1342	0
18	1343	0
21	1343	1
31	1343	2
6	1344	5
4	1345	7
18	1345	7
31	1345	2
1	1346	0
24	1346	2
33	1346	0
4	1347	1
12	1347	1
18	1347	1
31	1347	1
12	1348	1
28	1348	1
15	1349	0
18	1349	1
21	1349	1
12	1350	0
15	1350	2
16	1350	0
18	1350	2
4	1351	0
12	1351	0
18	1351	0
12	1352	0
18	1352	0
30	1352	5
32	1352	0
1	1353	1
22	1353	1
7	1354	0
17	1354	5
28	1354	0
0	1355	2
20	1355	0
8	1356	1
12	1356	2
18	1356	0
30	1356	0
32	1356	2
0	1357	2
20	1357	1
26	1357	7
18	1358	4
31	1358	0
32	1358	0
18	1359	0
23	1359	0
27	1359	0
29	1359	0
32	1359	2
7	1360	0
9	1360	0
12	1360	0
12	1361	0
28	1361	0
36	1361	0
4	1362	0
14	1362	5
18	1362	0
1	1363	0
2	1363	0
18	1363	0
31	1363	2
0	1364	1
6	1364	1
4	1365	1
12	1365	1
18	1365	0
18	1366	1
32	1366	2
4	1367	1
18	1367	0
23	1367	0
32	1367	2
0	1368	1
22	1368	6
34	1368	0
4	1369	0
15	1369	0
18	1369	0
30	1369	0
7	1370	5
1	1371	0
22	1371	1
24	1371	0
25	1371	0
12	1372	6
32	1372	2
4	1373	6
18	1373	0
32	1373	2
4	1374	5
12	1374	1
18	1374	5
31	1374	5
4	1375	0
16	1375	0
18	1375	0
23	1375	2
36	1375	0
0	1376	0
12	1376	2
13	1376	1
0	1377	5
24	1377	2
12	1378	1
15	1378	2
18	1378	0
25	1379	2
28	1379	1
15	1380	0
18	1380	0
21	1380	2
12	1381	0
15	1381	2
18	1381	0
31	1381	2
4	1382	0
18	1382	4
29	1382	4
0	1383	5
7	1383	2
28	1383	0
4	1384	0
12	1384	0
18	1384	0
17	1385	1
24	1385	1
18	1386	0
31	1386	0
32	1386	0
12	1387	0
13	1387	7
34	1387	3
4	1388	1
12	1388	1
14	1388	6
18	1388	1
31	1388	2
7	1389	0
11	1389	2
12	1390	1
15	1390	0
18	1390	0
30	1390	0
12	1391	1
18	1391	0
27	1391	0
31	1391	2
18	1392	0
29	1392	5
30	1392	5
32	1392	3
0	1393	1
9	1393	5
22	1393	5
1	1394	7
4	1394	7
15	1394	7
18	1394	7
23	1394	7
4	1395	1
12	1395	1
18	1395	1
7	1396	1
12	1396	1
5	1397	2
16	1397	6
30	1397	2
32	1397	2
18	1398	0
21	1398	0
31	1398	0
32	1398	0
4	1399	0
10	1399	6
18	1399	0
12	1400	0
18	1400	0
31	1400	0
18	1401	0
21	1401	2
31	1401	2
0	1402	3
17	1402	6
28	1402	2
16	1403	1
18	1403	1
27	1403	1
30	1403	1
1	1404	5
4	1404	5
12	1404	5
18	1404	0
32	1404	5
6	1405	5
12	1405	0
12	1406	2
18	1406	0
32	1406	2
0	1407	5
13	1407	2
20	1407	0
28	1407	2
0	1408	5
3	1408	5
6	1408	0
12	1409	3
18	1409	0
37	1409	0
20	1410	1
34	1410	4
0	1411	1
7	1411	2
28	1411	5
8	1412	0
18	1412	0
31	1412	0
4	1413	0
12	1413	2
18	1413	0
31	1413	2
0	1414	0
34	1414	3
4	1415	1
12	1415	5
18	1415	2
31	1415	2
12	1416	2
16	1416	1
18	1416	1
0	1417	3
1	1417	0
7	1417	0
22	1417	3
4	1418	0
12	1418	2
18	1418	0
37	1418	5
17	1419	0
28	1419	0
36	1419	0
12	1420	1
28	1420	1
4	1421	2
18	1421	2
0	1422	4
36	1422	0
9	1423	0
28	1423	0
2	1424	0
4	1424	1
18	1424	1
32	1424	2
14	1425	2
18	1425	2
31	1425	5
12	1426	1
15	1426	2
18	1426	2
30	1426	2
15	1427	1
18	1427	5
7	1428	1
9	1428	2
5	1429	0
18	1429	0
37	1429	2
1	1430	0
5	1430	0
18	1430	0
30	1430	5
36	1430	2
12	1431	5
14	1431	5
18	1431	5
9	1432	0
24	1432	0
7	1433	5
4	1434	1
14	1434	2
18	1434	0
12	1435	2
24	1435	1
0	1436	2
12	1436	2
22	1436	1
28	1436	2
1	1437	0
12	1437	0
18	1437	4
32	1437	0
4	1438	5
10	1438	5
16	1438	5
3	1439	5
12	1439	5
22	1439	1
36	1439	2
1	1440	5
5	1440	5
16	1440	5
18	1440	5
12	1441	0
18	1441	2
18	1442	0
31	1442	5
24	1443	6
33	1443	2
12	1444	1
18	1444	0
27	1444	1
19	1445	2
28	1445	1
4	1446	0
18	1446	0
21	1446	0
31	1446	2
4	1447	0
18	1447	0
12	1448	1
17	1448	1
28	1448	2
4	1449	1
12	1449	0
15	1449	1
18	1449	0
32	1449	2
4	1450	1
18	1450	1
21	1450	1
27	1450	1
18	1451	0
27	1451	0
29	1451	4
30	1451	0
32	1451	4
9	1452	1
12	1452	1
24	1452	1
0	1453	0
7	1453	0
28	1453	0
4	1454	1
14	1454	1
18	1454	0
4	1455	0
12	1455	2
16	1455	0
18	1455	0
29	1455	0
12	1456	0
15	1456	0
18	1456	0
30	1456	0
35	1456	0
2	1457	0
8	1457	2
15	1457	0
18	1457	1
18	1458	0
31	1458	5
32	1458	0
4	1459	0
12	1459	4
18	1459	4
31	1459	2
4	1460	1
12	1460	0
18	1460	0
29	1460	1
31	1460	2
12	1461	2
18	1461	0
27	1461	0
31	1461	2
37	1461	0
4	1462	1
12	1462	0
15	1462	1
18	1462	0
9	1463	0
17	1463	0
28	1463	0
36	1463	0
14	1464	1
18	1464	0
21	1464	1
0	1465	2
26	1465	2
12	1466	0
18	1466	1
21	1466	1
1	1467	1
18	1467	1
2	1468	2
4	1468	0
16	1468	0
18	1468	0
15	1469	6
18	1469	4
31	1469	0
2	1470	5
15	1470	0
16	1470	0
18	1470	0
27	1470	0
9	1471	2
12	1471	1
28	1471	1
15	1472	0
18	1472	4
4	1473	1
18	1473	0
21	1473	1
0	1474	6
3	1474	5
20	1474	0
24	1474	0
34	1474	5
4	1475	3
18	1475	5
29	1475	5
30	1475	3
13	1476	0
20	1476	5
7	1477	1
9	1477	1
4	1478	0
18	1478	0
31	1478	2
32	1478	0
7	1479	5
17	1479	5
28	1479	0
1	1480	1
4	1480	1
18	1480	0
29	1480	1
35	1480	1
4	1481	1
18	1481	2
31	1481	1
32	1481	1
9	1482	0
17	1482	0
24	1482	0
12	1483	0
18	1483	0
21	1483	2
0	1484	5
24	1484	1
18	1485	4
27	1485	4
30	1485	4
32	1485	0
4	1486	1
18	1486	1
32	1486	0
0	1487	4
28	1487	1
12	1488	1
18	1488	1
12	1489	2
18	1489	0
31	1489	1
28	1490	5
34	1490	1
7	1491	5
17	1491	2
4	1492	1
15	1492	1
18	1492	1
3	1493	5
22	1493	1
4	1494	1
18	1494	1
37	1494	2
0	1495	0
22	1495	1
26	1496	7
18	1497	0
27	1497	0
31	1497	4
0	1498	2
20	1498	0
27	1498	5
12	1499	0
24	1499	0
0	1500	5
1	1500	0
12	1501	6
18	1501	2
31	1501	0
7	1502	5
15	1502	0
18	1502	0
32	1502	0
20	1503	2
22	1503	2
14	1504	0
18	1504	0
22	1505	2
12	1506	1
18	1506	0
21	1506	7
4	1507	2
18	1507	0
27	1507	0
32	1507	2
12	1509	2
18	1509	5
12	1510	0
18	1510	0
27	1510	0
30	1510	2
32	1510	0
2	1511	0
18	1511	5
32	1511	0
12	1512	1
18	1512	0
12	1513	0
15	1513	6
18	1513	0
4	1514	1
18	1514	0
31	1514	5
20	1515	2
22	1515	2
2	1516	5
4	1516	1
18	1516	0
30	1516	1
4	1517	0
12	1517	0
18	1517	0
21	1517	0
19	1518	5
20	1518	5
24	1518	5
1	1519	0
18	1519	0
12	1520	0
18	1520	0
32	1520	0
18	1521	1
27	1521	0
31	1521	0
9	1522	5
1	1523	4
27	1523	1
32	1523	1
9	1524	0
12	1524	0
12	1525	0
15	1525	1
18	1525	0
31	1525	0
4	1526	0
15	1526	5
18	1526	0
31	1526	4
7	1527	0
9	1527	0
24	1528	0
28	1528	0
12	1529	0
18	1529	0
32	1529	0
12	1530	7
18	1530	0
31	1530	4
32	1530	7
1	1531	0
17	1531	5
28	1531	0
4	1532	1
12	1532	0
18	1532	1
30	1532	1
1	1533	2
9	1533	2
4	1534	1
12	1534	1
18	1534	0
24	1535	4
4	1536	1
18	1536	1
26	1537	5
0	1538	5
24	1538	1
33	1538	1
4	1539	1
15	1539	2
18	1539	0
29	1539	1
28	1540	0
36	1540	0
18	1541	0
21	1541	7
31	1541	5
0	1542	1
12	1542	5
28	1542	5
2	1543	0
12	1543	0
18	1543	0
18	1544	0
31	1544	2
9	1545	5
28	1545	5
0	1546	1
3	1546	5
0	1547	2
3	1547	5
24	1547	0
4	1548	1
12	1548	1
18	1548	1
12	1549	4
22	1549	2
18	1550	0
31	1550	2
32	1550	0
35	1550	1
4	1551	1
18	1551	1
31	1551	5
18	1553	0
1	1554	5
4	1554	5
12	1554	5
18	1554	5
4	1555	1
12	1555	0
18	1555	0
0	1556	0
6	1556	5
0	1557	0
3	1557	5
6	1557	5
12	1557	0
14	1558	0
15	1558	0
18	1558	1
4	1559	0
18	1559	0
31	1559	0
37	1559	0
7	1560	5
12	1560	2
17	1560	5
19	1560	0
4	1561	4
15	1561	0
18	1561	4
30	1561	0
13	1562	5
25	1562	5
1	1563	6
33	1563	7
12	1564	0
17	1564	0
12	1565	7
18	1565	0
27	1565	1
3	1566	1
9	1566	1
4	1567	1
18	1567	1
31	1567	2
0	1568	0
26	1568	2
28	1568	0
12	1569	0
28	1569	0
18	1570	0
32	1570	2
9	1571	0
12	1571	0
17	1571	5
28	1571	0
18	1572	2
31	1572	5
32	1572	5
12	1573	1
18	1573	0
0	1574	0
19	1574	0
28	1574	0
4	1575	1
12	1575	1
18	1575	1
7	1576	0
17	1576	0
28	1576	0
9	1577	0
28	1577	0
12	1578	5
18	1578	0
31	1578	2
32	1578	5
4	1579	1
18	1579	1
33	1580	0
1	1581	0
18	1581	0
23	1581	2
30	1581	0
18	1582	0
21	1582	1
27	1582	0
31	1582	0
22	1583	5
28	1583	1
7	1584	4
12	1584	0
9	1585	0
15	1586	2
18	1586	0
12	1587	0
18	1587	0
8	1588	0
12	1588	0
18	1588	0
27	1588	0
32	1588	0
7	1589	5
34	1589	7
12	1590	2
13	1590	2
20	1590	1
4	1591	1
18	1591	0
31	1591	0
4	1592	7
18	1592	7
31	1592	2
12	1593	1
13	1593	2
20	1593	1
22	1593	1
7	1594	2
12	1594	3
28	1594	2
18	1595	1
31	1595	1
32	1595	1
4	1596	0
5	1596	0
16	1596	3
18	1596	0
32	1596	0
19	1597	0
28	1597	5
2	1598	0
15	1598	1
18	1598	0
32	1598	5
12	1599	2
15	1599	0
18	1599	0
4	1600	1
8	1600	1
18	1600	0
32	1600	0
7	1601	2
28	1601	1
24	1602	1
18	1603	0
31	1603	2
32	1603	0
18	1604	4
31	1604	2
0	1605	6
22	1605	6
4	1606	2
18	1606	0
27	1606	0
0	1607	2
28	1607	1
1	1608	1
4	1608	1
18	1608	0
30	1608	1
32	1608	1
12	1609	2
18	1609	0
21	1609	2
0	1610	7
3	1610	0
12	1610	0
34	1610	6
9	1611	1
17	1611	1
4	1612	1
10	1612	2
15	1612	1
18	1612	1
4	1613	0
12	1613	0
18	1613	0
3	1614	5
9	1614	0
24	1614	0
3	1615	5
17	1615	5
36	1615	0
4	1616	1
18	1616	1
31	1616	0
12	1617	1
28	1617	1
1	1618	1
18	1618	5
32	1618	5
4	1619	2
15	1619	0
18	1619	2
22	1620	2
15	1621	2
18	1621	2
21	1621	2
4	1622	0
30	1622	0
32	1622	2
12	1623	1
33	1623	1
12	1624	4
15	1624	2
18	1624	0
31	1624	0
17	1625	1
28	1625	1
36	1625	1
1	1626	0
4	1626	0
18	1626	0
29	1626	0
7	1627	0
22	1627	2
28	1627	0
12	1628	0
2	1629	0
4	1629	6
18	1629	2
36	1629	6
1	1630	1
28	1630	1
0	1631	0
13	1631	2
24	1631	0
15	1632	0
18	1632	0
24	1633	2
28	1633	0
36	1633	2
0	1634	5
24	1634	2
28	1634	0
9	1635	4
19	1635	0
5	1636	0
18	1636	0
29	1636	0
30	1636	0
32	1636	0
4	1637	0
18	1637	0
31	1637	0
4	1638	1
8	1638	1
12	1638	1
18	1638	1
3	1639	1
20	1639	1
12	1640	0
22	1640	1
33	1640	0
0	1641	2
6	1641	6
20	1641	6
33	1641	6
18	1642	0
32	1642	2
12	1643	6
22	1643	6
0	1644	4
13	1644	2
27	1644	0
8	1645	0
15	1645	1
18	1645	0
32	1645	0
6	1646	5
13	1646	2
33	1646	5
0	1647	5
12	1647	1
7	1648	2
28	1648	6
4	1649	0
12	1649	0
18	1649	0
31	1649	0
2	1650	2
4	1650	1
18	1650	0
32	1650	0
0	1651	2
22	1651	2
12	1652	0
28	1653	1
2	1654	0
4	1654	7
18	1654	0
4	1655	6
18	1655	2
12	1656	2
28	1656	1
4	1657	1
18	1657	0
12	1658	1
33	1658	1
36	1659	1
15	1660	0
18	1660	1
30	1660	1
0	1661	1
7	1662	2
2	1663	0
4	1663	1
12	1663	1
18	1663	0
35	1663	1
24	1664	0
28	1664	0
34	1664	0
0	1665	2
12	1665	7
1	1666	1
2	1666	0
4	1666	1
12	1666	0
12	1667	0
22	1667	2
26	1667	6
0	1668	6
6	1669	6
12	1669	6
17	1669	6
0	1670	0
24	1670	0
26	1670	2
9	1671	0
12	1671	0
1	1672	1
4	1672	1
18	1672	1
29	1672	1
30	1672	1
3	1673	5
34	1673	2
8	1674	0
16	1674	0
18	1674	0
9	1675	1
17	1675	5
28	1675	1
4	1676	1
12	1676	0
16	1676	1
18	1676	1
28	1677	1
0	1678	0
33	1678	6
3	1679	5
17	1679	0
18	1680	0
31	1680	4
7	1681	1
9	1681	1
28	1681	1
1	1682	1
4	1682	1
12	1682	0
18	1682	1
30	1682	1
18	1683	0
21	1683	0
37	1683	0
1	1684	0
4	1684	0
12	1684	0
15	1684	2
18	1684	0
1	1685	6
4	1685	6
15	1685	6
18	1685	0
7	1686	1
12	1686	1
25	1686	1
28	1686	1
22	1687	5
4	1688	1
14	1688	4
18	1688	1
2	1690	0
18	1690	0
30	1690	0
32	1690	2
12	1691	1
28	1691	1
9	1692	2
36	1692	4
18	1693	1
32	1693	2
0	1694	6
24	1694	6
6	1695	2
22	1695	0
15	1696	0
18	1696	0
31	1696	2
37	1696	0
7	1697	1
17	1697	1
4	1698	5
5	1698	1
18	1698	5
30	1698	1
9	1699	0
24	1699	2
7	1700	0
9	1700	0
12	1700	0
1	1701	5
12	1701	1
18	1701	1
7	1702	2
28	1702	6
0	1703	1
28	1703	0
8	1704	0
12	1704	2
14	1704	2
18	1704	0
1	1705	6
7	1705	2
17	1705	6
2	1706	0
4	1706	1
15	1706	2
18	1706	0
3	1707	5
12	1707	0
28	1707	0
34	1707	3
12	1708	1
18	1708	1
3	1709	1
17	1709	1
4	1710	7
12	1710	0
18	1710	0
12	1711	0
17	1711	5
28	1711	0
7	1712	3
22	1712	1
4	1713	1
18	1713	1
32	1713	1
3	1714	5
28	1714	0
18	1715	0
21	1715	0
7	1716	0
24	1716	0
28	1716	0
24	1717	1
27	1717	1
28	1717	1
0	1718	6
24	1718	0
26	1718	2
28	1718	0
9	1719	1
12	1719	1
2	1720	0
4	1720	6
12	1720	0
18	1720	0
4	1721	1
12	1721	1
15	1721	0
18	1721	0
1	1722	5
16	1722	5
18	1722	5
30	1722	0
35	1722	0
0	1723	0
12	1723	6
24	1723	6
0	1724	1
3	1724	7
12	1724	7
22	1724	1
18	1725	0
27	1725	0
31	1725	1
15	1727	1
18	1727	1
31	1727	5
2	1728	1
4	1728	1
18	1728	0
32	1728	1
0	1730	4
7	1730	0
19	1731	0
28	1731	0
15	1732	0
18	1732	5
21	1732	5
31	1732	5
17	1733	1
12	1734	2
18	1734	1
13	1735	4
17	1735	4
28	1735	1
4	1736	3
18	1736	0
27	1736	3
32	1736	2
0	1737	1
1	1737	1
3	1737	1
14	1738	1
18	1738	0
0	1739	2
22	1739	0
28	1739	0
18	1740	0
27	1740	0
31	1740	5
4	1741	1
16	1741	0
18	1741	0
27	1741	0
32	1741	2
4	1742	1
12	1742	1
30	1742	1
32	1742	1
7	1743	1
27	1743	1
0	1744	5
9	1744	1
13	1745	1
18	1746	0
21	1746	2
32	1746	2
24	1747	0
28	1747	0
12	1748	5
18	1748	1
18	1749	0
30	1749	1
1	1750	0
19	1750	2
1	1751	6
6	1751	6
12	1752	0
18	1752	2
21	1752	2
4	1753	4
5	1753	4
12	1753	4
18	1753	4
0	1754	5
3	1754	2
33	1754	2
34	1754	6
6	1755	1
12	1755	4
33	1755	4
34	1755	1
1	1756	0
9	1756	0
17	1757	1
24	1757	1
28	1757	1
4	1758	6
18	1758	0
31	1758	5
18	1759	1
19	1759	0
29	1759	0
7	1760	1
4	1761	1
12	1761	1
18	1761	0
14	1762	2
18	1762	1
21	1762	1
31	1762	5
7	1763	1
28	1763	1
3	1764	5
24	1764	0
7	1765	5
28	1765	0
33	1765	0
12	1766	1
18	1766	2
21	1766	2
32	1766	2
24	1767	2
28	1767	0
9	1768	1
7	1769	0
12	1769	2
20	1769	2
10	1770	6
18	1770	0
29	1770	0
32	1770	0
35	1770	0
7	1771	0
9	1771	0
19	1772	2
20	1772	1
28	1772	1
27	1773	1
28	1773	1
5	1774	0
8	1774	0
18	1774	1
31	1774	2
32	1774	2
0	1775	6
7	1775	0
12	1775	0
7	1776	2
12	1776	1
20	1776	0
33	1776	2
12	1777	1
18	1777	1
21	1777	1
6	1778	5
15	1779	2
18	1779	0
27	1779	6
31	1779	5
32	1779	0
12	1780	0
18	1780	0
31	1780	0
7	1781	2
11	1781	3
12	1781	3
24	1781	3
0	1782	5
4	1783	1
16	1783	1
18	1783	1
32	1783	0
18	1784	0
27	1784	0
31	1784	0
35	1784	0
20	1785	0
28	1785	2
0	1786	2
28	1786	0
34	1786	4
28	1787	0
34	1787	3
18	1788	0
31	1788	2
37	1788	0
28	1789	1
20	1790	1
24	1790	1
4	1791	0
18	1791	0
31	1791	5
32	1791	0
0	1792	2
24	1792	0
0	1793	5
7	1793	4
25	1793	1
23	1794	5
32	1794	1
12	1795	0
24	1795	0
36	1795	0
2	1796	0
18	1796	0
30	1796	0
0	1797	5
24	1797	1
34	1797	5
36	1797	2
12	1798	4
15	1798	0
18	1798	4
32	1798	4
